0  0111111110000000
1  00000000001010010000000000101001
2  1110001000000000
3  0111111010011000
4  20
5  0111011101111110
6  00000000001001010000000000100101
7  0001000100000000
8  1111111010011001
9  18
10  0010101000000010000000010
11  0111111010011001
12  18
13  0001000100000000
14  0010001000000011000000011
15  0001000000011000
16  0001000000111110
17  00000000000110100000000000011010
18  0010000111110010111110010
19  0111111010111111
20  18
21  1000
22  0111111010111110
23  18
24  00000000000100100000000000010010
25  0111111110111010
26  00000000000100000000000000010000
27  18
28  0111111110111110
29  00000000000011010000000000001101
30  00000000000011010000000000001101
31  0111111011111110
32  1000
33  00000000000010010000000000001001
34  0011000000000000
35  36
36  0111111110111010
37  00000000000001010000000000000101
38  18
39  0001000000011000
40  0111111111000000
41  43
42  0000000000000000
43  0000000000000111
44  0000000000000101
